13.4285271025864 8.49586026392685 13.0299091311843 12.3922406715634 10.5640995230963 1
12.4552649744303 10.1517165078395 12.4538291000258 12.5032653283033 9.8933740248824 0
12.36397214879 8.78811315028774 13.4328644718491 13.6506851447588 10.0805010881582 1
13.1067039399 8.15429665670128 13.5525190855915 13.911607459532 10.9772573675597 1
12.6938398246023 8.52266679368329 12.5027137457406 13.2573541438107 10.6830595853298 1
13.2898369857158 8.41975016791305 12.9727349949962 13.5722622605393 10.562269856655 1
12.8853919221845 8.57346653851241 13.1197802969108 13.7564410972527 11.2041553344158 1
12.2079745899619 10.0347051215159 12.1480083401787 12.0655771750863 9.91615814434157 0
13.8510192580151 8.0829843114125 13.8099952850502 13.6727496709549 11.7321506145926 1
13.1541358959743 8.94552945464146 12.4244530247654 14.068775611777 11.628091935785 1
12.0939373781901 9.17491662246048 11.5354517235659 10.6541087444749 9.78986323325427 0
13.4824580972816 9.3530501590864 12.9312852258473 13.8065941599701 11.4829084626559 1
11.9680331205349 9.62359637069606 11.9103273219571 11.7050779022039 9.84050520303148 0
11.9698756602553 9.47736015845756 12.3404175152259 12.6612496687243 10.0839087278482 0
12.4438105750664 8.61898789611192 12.9411913569286 13.5580453733577 10.2254719454275 1
12.7844008917946 8.51159348052709 13.2228637708834 13.0509559240957 10.3959135444167 1
12.3800012463714 8.49703110356914 13.743735505693 12.2859378639066 10.5057538083937 1
11.1178936435105 8.78183640421188 12.0271906593425 11.9790657438758 9.78873247252969 0
12.1137417589744 8.83636687078091 11.7377381157241 10.8516409473321 9.86740562294892 0
12.3259177267055 8.55616344308729 12.8469432039617 13.795332606404 10.2575994263358 1
12.2459193116519 9.05712046266528 12.2368932151556 12.1614182830059 10.1858215549406 1
12.8870043061543 9.84041099562023 12.8883969364086 14.1654340016857 11.3009565110976 1
12.699241059886 8.33342602600174 13.8106954223047 10.7598403245269 11.0559488586619 1
13.3617306011191 8.42859165602999 13.1736652069288 13.1556556417388 10.5259210107659 1
11.8723633664803 8.34599555714963 12.9154962615808 12.7622195833253 10.2953518386843 1
12.8568338218575 8.07681755053128 13.276564123885 13.2634561480184 11.1367615718186 1
12.65399502906 8.75446950984601 13.3564079787527 13.2881885688262 10.6004095654756 1
13.8879010975765 8.16673385759031 12.9382414294881 13.0407308458451 11.2793911584715 1
12.2786544480501 9.08636403582244 11.888628656068 12.3036868836183 10.0534643976273 0
11.7008676294843 9.21451822354407 11.9673515232068 11.543755934728 9.79109533466155 0
12.8508362925497 8.31442987855499 12.8026713161568 13.5875431206281 10.7009100208302 1
12.7474105362848 8.80545530416579 12.6436567103846 14.1006025265904 10.7454318113469 1
12.6022033813262 8.77593859749522 11.6737663566513 11.3363908064796 10.0555038064073 1
12.7428695467008 8.00591675269985 12.7304378791256 12.8243797065229 10.9066403154029 1
12.3281655712395 8.33363949554542 12.1480234692073 11.5464711410235 9.9300555346571 1
12.871485333724 8.91901153558564 12.9823969516832 12.9883818947013 10.6167841606289 1
12.0964887566725 8.70186476162971 12.0003168962487 11.6985042932614 9.90071575202043 1
12.4191883608596 8.35883215304055 12.9363755813648 13.573327727357 11.0523451680047 1
12.3940879715849 9.17240121793816 12.7259985307333 11.9990419064021 9.94886900919903 0
12.6301835343156 8.56078889000034 12.7305730316159 12.8590714180428 10.3669465032005 1
13.4752688640334 8.58269402800632 12.4842791419911 13.343521134655 11.5875657274398 1
12.9160431790537 8.69113096595583 12.5809845661237 13.8388801078992 10.9067121855035 1
12.9165575319863 8.77278464678503 12.1599488678962 12.722230228101 10.2187558201663 1
12.9768686298448 8.67243535280929 12.5456149286217 12.170072268876 10.5350768093552 1
12.0688716219309 9.51976681625656 12.2134761004659 11.9472237055732 9.85346482905164 0
12.3927208189196 8.45009288850202 12.4369471838103 11.5273349602985 9.98526766603006 1
12.0420534982927 8.81287432678563 11.8836578077922 11.0753902719651 9.85776650232416 0
13.5838902068864 8.54899294387242 13.4158920225675 13.0950588672296 11.514340292556 1
13.3257466669966 8.49844815614717 12.7572576297278 13.413184687117 11.2060877888019 1
13.1780020701404 8.8444362566691 13.0591843057706 13.7727913704975 10.8546012507942 1
13.4607003830866 8.4047604173858 13.629989138722 14.2458461028403 11.6133189535677 1
11.6320956282741 9.13112857593859 11.2179238996524 10.7307932349815 9.61630530109459 0
12.0464486503665 9.03807173809769 11.7949955100097 10.5401258995174 9.5685564348796 0
12.2292929737169 8.834444875034 11.8855469560625 11.2070951379593 9.74504970786858 1
12.3977412889756 9.52348702512738 12.687685397084 12.7053860947325 10.4542122887747 0
13.6885583880229 8.72109969299459 13.807996090143 14.1333659206222 12.0561498915488 1
12.6554286239322 9.17809728586234 12.9213432189011 13.9938365479334 10.7253926772366 1
12.9645404997268 8.95287325866832 13.0953637681038 13.5080472869738 11.1167269287102 1
12.3355762628224 8.81325134213714 12.7097537851692 13.1027487069381 10.4235727015823 1
11.7047066308034 9.09592415530679 12.0385670231647 12.1704573153039 9.78134165541973 0
12.453013535624 8.56964175719702 13.3564867830939 13.0906869481952 10.4491801735023 1
13.1947128827172 8.69126537356571 13.0852034851245 13.2315423127214 10.420941901753 1
11.7413823227134 9.09147686107287 11.6690700549153 11.5525548242357 9.85027425850366 0
12.4736850547634 8.96914408298664 12.4180286691115 12.8659054214403 9.94063722457659 1
13.1754905578342 8.23970418525392 12.384746395335 14.1141044959043 10.9368896521424 1
13.5011054657474 8.55586731634387 12.5010642055687 13.2750944094015 10.714813412399 1
12.9893858107869 8.14136665962857 12.9824255208722 13.3071908560368 10.7713501547901 1
12.8526993373889 8.76185741703983 12.2766790700955 12.7110738678324 10.1327979415577 1
13.4567641980101 8.30879142691814 13.2086803493206 13.0754874418412 11.1383710243437 1
12.6773244656887 8.4659950937252 12.469725904482 13.7088561618969 10.7265816238598 1
11.958202358168 9.76744715663488 11.79638113229 12.160728096477 9.8196504363489 0
13.8819450298491 8.10945126385542 13.8029079311637 13.6829501996668 11.6955711614758 1
12.5454482246361 8.2133739015366 13.6924837237844 13.7625553745092 10.9292784621405 1
13.4786356151376 8.45738163446184 13.2318495514493 13.1989479709118 10.5172535783753 1
12.0212275605025 9.18944278602537 11.7421189268231 11.1380556190551 9.65135611449682 0
13.0751589910317 8.48954447593656 13.1459978428272 13.475929179095 10.2510243908689 1
12.8991036638121 9.11795120499558 12.5149996169329 13.3229929966985 10.1045708205905 1
