1.25026208529197 1.12720049199684 0.45002152888661 -1.29703920452453 0.542795585503867 0
1.68100500934439 2.23149145748831 1.10726548948745 0.0418926825142931 1.88573907234818 1
0.995128267251361 0.19619971672078 0.599924981775739 -1.13551475783387 0.982318220514073 0
1.36129216905477 1.73896286182916 0.685592314777201 -0.899772539922507 1.72495542460046 1
-0.000542761432797384 1.36525177254208 -0.344368926090416 -1.03808567315868 -0.175553322816958 0
1.23922088209545 2.81708304745541 0.593760320040651 -0.0231747409568662 1.07251284924608 1
-0.120142886165055 0.309827639388287 0.153069296255904 -1.46879127539767 -0.290603589660893 0
1.27027936629274 3.06359072220553 0.855857215120529 -0.57900257411799 1.17441154777267 1
-0.240969507851086 0.493977210109618 -0.287168005556839 -1.92001705413072 -0.175711921048705 0
1.30588983246051 2.81617135169264 0.619695246141828 -0.0920459470673329 1.1535429479168 1
-0.0480713469192107 0.0670996115962346 0.275488072813165 -0.673349846151037 -1.6248415617126 0
1.72772537240974 2.41896242971815 0.464207032722781 -0.44145135698963 1.96148994129873 1
0.55014124008052 1.31617947303082 0.385416170622871 -0.535824030325117 0.321358925000583 0
2.03773880819684 2.42982835927537 0.776371923609961 -0.0656408928656313 2.04167409848307 1
0.71052719380256 1.05752891454465 -0.103459963507391 -0.992439588720987 0.24418494631891 0
1.03679328237017 0.365467959428733 0.469490841056914 -0.538929081158239 0.702209480845027 1
0.615619928705083 0.576432263186645 0.555381313560423 -1.33035660618363 -0.581976557034607 0
1.71205754813187 1.34518847287785 1.72989792060429 0.274999587268046 -0.0201449122754719 1
0.503593179853148 0.512064603062318 -0.176578394577431 -2.21496547573294 -0.897297232748105 0
1.60091272212687 2.8987561060802 0.876836841615428 0.313882333951285 0.71807796913979 1
0.757485213111823 -0.180524886039358 0.356247641788855 -1.14089787820233 -1.00558055927452 0
1.58752999142722 2.25843131720087 0.49154650489568 0.151294117452885 1.54887165957599 1
-0.23364793426525 0.447687913043452 -0.275356996062103 -0.95676558259165 -1.54419755551409 0
1.53675015436902 1.21479334392192 1.45469032854802 0.232970490929676 0.390425956092792 1
0.167284163487806 0.304802418007796 -0.204581332483974 -1.35358530981852 -0.801303600404716 0
-0.46628584897547 -0.457319901758309 -0.0771178301964482 -1.53715124303004 -0.64944918239364 0
-0.141875602743006 0.75019901732472 -0.0975228040576686 -0.790774618332397 -0.191822771795557 0
-0.188132815561031 0.07261761155249 -0.219368480065916 -1.91223482127012 -0.546099846228576 0
-0.309547139927859 0.137225347666427 -0.137305287912826 -1.05427102790577 0.0562397662880787 0
-0.41965884582361 0.129218795327382 0.0524177978651213 -1.648749599608 -0.531673777122522 0
-0.320118261786457 0.272878484216483 -0.269417209438211 -1.39096408970912 0.617715666492448 0
0.063970032604889 1.52204613549432 -0.0890862839427447 0.138512336400509 -0.370246833000834 0
-0.0703419299241315 0.552288101602565 -0.0492660152994989 -0.807689694498077 -1.2040966967589 0
-0.210336733803734 0.999289678978477 -0.22734280224884 -1.3641558542156 -0.573386974867302 0
0.22204790811226 1.07775442993434 -0.0863358613200532 -1.25683081973098 0.0588383911128003 0
-0.93358388545127 0.296014171874434 -0.581227420775016 -1.58412844038938 -1.59638313343133 0
0.0482644377858897 -0.0603049417169176 -0.0729756121615781 -0.959976305386564 0.393261604512007 0
-0.443593739872232 0.378414384172428 -0.577057428396949 -1.43654721778106 -0.980435166367323 0
0.883414654165788 2.57360074543693 0.953524315206004 0.435446701892003 1.83415625828619 1
-0.0779399244888779 0.830344902806384 0.0824293051891312 -1.18013181415561 -0.274234933207664 0
-0.259501036483366 0.895806554386933 -0.229125216130053 -1.29013784821841 0.347011779169057 0
0.748334744215216 2.02575955546721 1.00218190424405 0.0654064547090067 0.614878324031048 1
1.70995439826544 2.74127856439043 0.713421019818228 0.103268656687455 1.6334788359596 1
-0.300394466500635 0.716611147423272 -0.0434780056791141 -1.15942905568146 -0.580798975109222 0
0.802039778033412 1.77308728055155 0.205699458250667 0.0517405001053384 1.19299379121071 0
-0.000722705654950308 0.683111827082726 -0.0483658499668103 -1.09347508946414 -1.48416829822726 0
-0.919296170638569 0.438499387715514 -0.682166116218604 -1.07391008725566 -1.44025077033432 0
0.440851149472142 1.89006696149942 0.852238125453613 0.772753619939518 1.19556804905103 1
1.24161648344201 2.21266337084551 0.603710200951979 0.56585830314327 1.18230209214614 0
1.82914111134276 2.72105300630892 0.158503302225458 0.104113164875174 2.02831223104637 1
0.542918667788175 1.23532390562506 0.186068863652122 -0.550417399857855 -1.21972360311103 1
0.0220012558974536 1.05863113270468 -0.123888343823344 -1.24771438283679 -2.62075447167838 0
0.0995510446511 1.12291742135826 -0.0195212725774356 -1.03400999799595 -0.856283055012777 0
0.809685880636391 2.54816893757966 0.310406113664481 -0.196992266757583 1.67444376106493 1
-0.228608875470472 0.127401890052225 0.172862618407191 -1.05284133843841 -0.257984337688898 1
0.70934214241628 2.68702079877063 0.625930795393484 0.280710765713099 1.32726186558563 0
0.315765070198478 1.12567857760978 -0.120058614127416 -1.17073950821415 0.656468287020758 0
0.0511089255068191 0.432913976305886 0.254600944207392 -2.00236785164142 -0.184136778433713 0
0.0592690489434693 1.30028071392575 0.00305215083929126 -0.82890012486538 -0.873372974140202 0
0.733924212466449 2.07387050384195 1.3923777895474 0.406038312433172 1.35687118516381 1
-0.499281938868383 0.461181518713198 0.149155591216772 -1.06060720213166 -1.05879581308283 0
0.994070070615264 2.47821989118826 0.434830102544561 -0.000827879462835761 1.45619799392933 1
