7.55345073647071 7.86257483613154 8.01997013111644 7.36581211845348 8.83009837093707 1
7.29246642274922 8.86857558697355 4.91774193513446 7.54613214660362 8.28318192472884 1
8.50655068767394 9.43854083443865 3.07062376491045 8.31797111281949 9.90147829332118 1
3.64024649434439 5.16679633465204 3.09004574675191 5.99386901985973 6.58680770863536 0
7.83964592734939 8.2704776955518 7.05391092744251 8.36544263894265 8.14211432036914 1
6.9008266195988 8.5916092340354 5.05082674515995 6.53808783381408 8.55592574658299 1
3.22599524870684 5.04522924291231 2.7931019959257 5.57646441583866 6.09676015702014 0
8.2695413491001 9.13399593076344 6.22030341196372 7.88830768182299 8.81727712466412 1
3.31767314265293 3.94861916817549 3.12383932010212 5.5625794253179 5.30224642856812 0
7.19878355842894 7.92772516494675 4.2652758692034 7.30504586742219 8.66272313206169 1
3.10692655865539 3.13059930850268 3.17183174184581 4.7328245423629 5.37334505550162 0
7.54448880941839 10.0905079917091 7.81283744921426 7.44852951783822 10.0008093878653 1
4.56820660055376 3.91788523842538 3.07062376491045 5.68665244819762 5.7857258166602 0
7.29275261999089 9.19200050914024 6.54850249732938 7.88187436177527 9.26049492247837 1
3.63882523343698 3.76897724849527 3.28042346765672 5.87135513485702 4.32904297497588 0
3.3541617778898 6.21306404973624 3.06785747438051 6.32063711288893 6.03157313785734 0
7.35986431078016 8.57921619340463 2.58506577158114 6.64277186572766 5.65702236930049 1
6.60450834407074 8.90484611534527 6.19762187450521 6.98711145103145 9.26076213817969 1
4.13240379255639 4.14207174664457 2.95610383072659 5.75318059345128 5.81941967401499 0
8.17380563336694 8.23325433531624 7.05629483755256 8.71944096026471 7.54359872557879 1
8.85037597307548 9.33396449136302 5.82279060261699 8.38709953483884 8.99442636087822 1
8.84359183837895 5.73936087721667 3.62063884351945 5.97591544262838 8.20613300487491 1
7.99450573117529 10.5595033738368 3.09768788968767 8.09647970636889 7.88225952994235 1
3.71814337461294 3.37444504306949 3.12383932010212 5.87135513485702 4.53598666671769 0
5.14637277205429 7.75304995852467 3.14351384112729 6.48222377338636 7.01008213352349 1
3.02617018296934 7.5167113766861 2.8809626082804 7.16650837738537 7.69007339905386 0
3.34525905596663 3.73169781132906 3.21447948085959 5.88806905152593 4.20446455110814 1
3.41612695184677 5.28067795317223 4.24587688453864 6.07188127464652 7.42441165349721 1
7.94921978621303 10.0644317488718 7.48720060517004 8.20930065993868 7.56056655680935 1
5.78335725115237 9.04473401584386 6.01622316863036 6.12398666994218 7.95373205358074 1
7.06699409207711 8.67023908090643 4.18240340487306 7.60284702243458 7.62312773244493 1
4.56434608830249 5.93418381587053 2.82592139612174 6.49767087044325 7.22994353696924 0
6.17712454615643 4.49122806779012 2.84789858996266 6.21577395444948 6.24183439783476 0
3.34525905596663 3.76897724849527 3.20694931239041 5.93497598477928 3.97439800680909 1
5.34282117353376 9.26975928073125 3.08338133206215 7.3325663959704 8.51410660139868 1
3.22599524870684 3.7142008476712 3.12383932010212 5.58306903287832 4.94927746014075 0
3.45791536363862 4.28430114038984 3.12383932010212 6.02423509991476 5.86530736297163 0
3.1154091143751 3.30233581033654 2.89263766204619 5.73093819672472 5.53786979559143 0
3.10692655865539 3.40184673090601 3.09004574675191 5.13649088539156 4.34802629105342 0
8.24434964495322 9.68217817771553 6.5348863941152 7.85247971420015 9.12793958977845 1
7.34953642932788 9.5100968674629 7.31548642762142 8.19075422007634 8.86163451535631 1
7.9450564880755 9.5797605659908 8.01227075249675 7.95449358269989 10.1417713676289 1
3.02549446600614 4.65030062769244 2.57246465944364 6.0552936443368 6.77327320146956 0
6.41103854386723 9.37870279049039 3.10160384023227 5.65642255561938 9.25155991428716 1
3.33235212047479 4.35374676920551 3.0338517652241 5.59004386056592 5.09114655130184 0
3.52871736918279 5.75109726762499 2.83822723467609 6.38402989842704 5.65203788218689 0
3.22564692014522 3.78132062386502 2.7931019959257 5.58306903287832 5.44467213027044 0
6.25919688169063 8.8598426590254 5.65537576886289 7.05442309795111 9.73894367692586 0
3.03272389876905 6.82761222832864 2.54442042527691 5.77245614166957 6.53435841702114 0
5.34472019943342 7.1232575679162 2.98610869019346 6.93939587799231 7.58182109419653 0
3.34525905596663 3.85414295610606 3.12108143002864 5.82635588394204 3.82442567289072 0
3.44582698472477 4.98877111572381 2.97081432815029 5.77149265306781 5.3398131498972 0
5.83701037634436 7.54293402432973 4.82815169771253 7.0731918875123 7.12481661893415 1
6.66926065398548 8.24938280737538 3.65702831864867 8.00696757680521 8.90695942209832 1
4.22721072397946 7.29510866655871 2.71140347659949 6.2880579871225 7.18461618688857 0
7.38427314090934 8.45349072175235 5.69487926319979 6.80205507922579 7.03944247846876 1
6.13031566100731 5.33767877490031 3.06845040459386 6.48886043393846 6.62050622887497 0
3.64505022272422 3.83692199440259 2.98521082795334 5.81882407402108 4.52716730507768 0
7.9467841075484 4.66352921517585 4.2766884016329 5.61801995621677 4.59727380264567 1
3.37495969361227 7.30001867781354 3.14526509402693 5.95141294781578 6.29881737248377 0
6.23988726809383 6.85261580421179 3.22317104425967 6.25520447559578 6.8882850624541 1
3.53805842212377 7.65970243734215 2.79953062953426 5.48357332916157 8.1382768783792 0
3.33554786515206 3.4628728707068 3.06785747438051 6.37898680153789 4.57118314670061 0
5.95969074812383 9.88942455225187 4.06403579838286 6.47076487815237 6.65463310175644 1
3.18817708715301 3.26395383967675 2.84181783573704 5.08176160238263 6.02200763938979 0
3.23625156950146 5.14304280574469 2.99151791877146 6.37068799712914 7.08124026388006 0
8.15731724811151 8.9757599347608 4.06522235956951 7.62328521618945 8.66894317702863 1
5.31912145293161 9.21045279002848 4.59799131576898 6.60810685587411 8.55245975967014 1
3.34525905596663 3.37444504306949 3.12383932010212 5.79368899468153 3.75958448210869 0
3.38362328503633 7.6652125034694 2.66967773518461 6.22970153518526 6.89430461741737 0
7.41505294772092 9.60206608590029 6.74117753465455 8.42413722366501 9.33503697527328 1
7.68443453107585 9.0622568810371 7.00897632718263 8.2533122008989 9.14457380078202 1
6.30002938195676 8.40371376079272 3.97037827119353 7.04719411845153 7.92419057647967 1
3.32848064086614 4.30027098981748 3.01465399305211 5.1693345157109 6.20278653002307 0
3.87137067995168 4.05676271499173 3.04708294711024 6.03194935774621 6.22366601985076 0
7.71085384231568 9.47004259501255 7.75539761056304 6.29839340273522 9.67098188928734 1
3.22564692014522 3.54790421144696 3.09004574675191 5.71253919041589 4.87158058002339 0
3.1133823238998 3.87840558539761 2.66311945607119 4.6328731212637 6.64456325338377 0
5.86595579264717 7.1546799566696 3.3847582128696 6.59623920040782 8.56734492488271 1
3.73202913092027 4.06750797383454 2.9676915125915 5.45477728659978 5.588682956125 1
3.34525905596663 5.73772274543495 3.09004574675191 5.90572212820629 5.96930218559972 0
3.98399586903649 3.6929542268098 3.13360341833574 5.58306903287832 4.40582873249473 0
5.66613675536691 8.58106025714062 5.01287859217825 7.6090422652663 6.99540357805735 1
6.0862897720822 7.4557846320387 6.44862716726757 6.92238734898922 8.81486457364493 1
7.19757126124598 5.79099911960212 6.15738740079909 7.43378885987769 9.36316143083673 1
2.9706231331328 4.73744106442386 3.07757712391494 6.27429862343005 4.71212164660024 0
7.20569052549275 9.09962519517996 10.2102475938646 7.18165312506093 10.0927238834056 1
3.38114921622073 3.76897724849527 3.73366182275739 5.41853635667093 3.88823813003319 0
3.0595448522014 4.06640246648115 2.90095751541979 4.51275247751126 4.32904297497588 0
3.31066522400141 3.56390434551698 3.12383932010212 5.35426000708749 5.1266815051707 0
7.67087315961431 9.78584186589593 6.46377664981418 8.65959461647124 8.2478756731431 1
7.81853149615524 10.3839935738773 7.09625962743044 6.15605095822502 9.95167435373044 1
4.83125110119424 4.10284520938275 4.00586417004742 5.76502898369079 6.09670391927396 1
6.1606721939163 6.93676518869181 5.69870930143349 6.73418725173367 8.67158053557752 1
3.47400331778643 5.73039868466039 3.05265555028421 5.61525495669891 7.10356475442069 0
7.47170130363961 10.348846473226 7.05307144909408 8.93858928408499 10.3933959669389 1
3.90959723907132 3.0764860449956 3.12387408468226 5.58306903287832 3.77888015360422 0
3.47492449987601 5.93557091726471 3.06785747438051 5.37468843785099 5.27750343734187 0
8.21467073607429 5.65678795991865 8.84481652199662 6.99223660641232 9.8890428279383 1
4.04988172784053 5.9589062582881 3.13987657656946 6.61996866345778 6.21709953180759 0
3.02778371919422 8.38618389371331 3.44086950098362 7.10538882680447 7.19584945856979 0
4.23800982273317 4.73207833122573 5.26860085982441 6.30761699539389 5.39897792424342 1
