552.6588 389.765 624.4262 309.4937 475.2788 471.1673 282.2786 560.5838 0
2314.9488 1779.9875 1342.9675 1644.4262 1648.4596 1712.2096 761.3786 4421.815 1
137.9712 164.7325 338.46 333.625 209.2192 196.4365 217.1333 442.3925 0
987.7988 723.4013 660.61 973.1688 576.6404 597.7385 321.6202 1325.3925 1
584.7325 361.3125 147.9062 124.02 464.3096 434.2 104.6417 340.535 0
2030.8775 1386.8225 387.2425 325.045 1453.3442 1472.2481 196.5952 452.8062 1
228.2862 154.055 149.5225 126.43 214.5827 199.0519 195.65 143.9238 0
3886.9925 1781.3175 598.4975 541.5325 1849.6173 1731.3596 388.4071 1253.5438 1
404.3188 380.5975 170.1138 183.7063 503.6519 519.2539 161.1036 418.68 0
4322.8788 2514.7675 906.4288 774.2787 2510.9846 2551.8288 445.7441 1770.675 1
416.1712 333.1787 365.3938 61.53 334.9654 353.2808 526.65 167.8613 0
3552.9838 3321.1488 1747.855 2221.7513 2679.8904 2593.2885 477.9131 3307.4975 1
632.7463 494.2475 304.4887 244.7375 528.8635 575.875 260.1738 491.1575 0
1872.4913 1491.0462 1231.1062 1236.2988 1422.4827 1483.9827 319.4441 1399.6275 1
636.0237 543.47 449.8037 282.3775 633.2231 660.15 199.5726 420.63 0
183.6213 314.3525 418.3988 277.5437 608.6269 548.6308 208.6143 295.0675 1
185.3225 111.71 193.85 49.02125 194.14808 199.36923 180.89762 36.38875 0
412.0725 258.2675 620.4713 89.84 373.1 378.2654 632.944 127.2812 1
230.69125 125.09 228.63 51.82625 179.11923 155.81154 111.21667 65.82 0
3034.6875 1560.5475 760.445 296.6313 1605.6173 1508.1808 351.35 537.885 1
188.36625 185.0975 489.83375 81.27125 271.71154 246.44038 325.47024 104.94125 0
2417.878 1392.77 1270.969 1224.733 1513.119 1773.086 444.5 1850.444 1
182.00125 93.28375 79.3 16.0425 118.08269 132.81923 75.36786 91.48125 0
163.6087 140.63 229.045 69.1325 212.9615 209.4673 210.2226 107.5725 1
332.3612 187.595 287.23 102.7588 343.9769 327.1808 193.5714 160.2663 0
103.42625 105.71625 102.5075 85.42625 149.65192 149.42115 150.99286 628.18875 0
339.7713 236.5213 144.4087 137.6538 348.5288 343.5865 150.6845 433.69 0
329.8687 215.5012 254.6937 178.5737 289.8308 314.1192 246.9238 409.6525 0
448.4737 281.86 286.0025 413.355 473.9981 448.0846 340.1643 474.3975 0
413.325 393.5838 241.3562 216.2612 597.5942 582.2789 383.3548 247.9913 0
471.4787 566.8963 261.0113 664.9625 739.2731 765.6769 274.5464 1185.0325 0
812.8212 306.0025 175.815 111.4387 663.1077 562.3058 149.7119 229.525 0
287.1737 264.9038 147.2 43.5925 436.2385 443.0673 150.5679 58.98 0
779.6387 167.8913 241.7388 170.1037 472.1461 683.1942 237.7917 801.95 0
505.99 287.4513 214.0575 181.665 364.5788 378.0923 156.9952 356.5125 0
219.72 110.4975 60.5125 30.1975 287.39808 314.85962 87.56429 134.855 0
250.2812 180.7287 280.2912 401.69 362.3404 352.7808 246.9952 285.6625 0
228.02875 220.48125 92.3175 51.14625 282.71538 306.05962 79.71191 78.57375 0
2689.205 1109.5925 437.0113 1214.4637 1723.4481 1881.325 471.2226 3413.2712 1
500.425 39.38125 201.1475 165.185 226.8 325.65769 236.26667 705.99625 0
335.69 84.99375 93.0775 182.51875 196.51154 181.34423 96.27024 816.195 0
1765.185 449.395 543.2862 480.3562 1263.4038 1294.0519 686.6333 1640.2613 1
5832.3175 1550.9112 2161.8975 2008.5137 1094.6731 1334.2173 828.6452 4695.2213 1
846.975 275.6525 302.895 228.12 541.3519 735.9154 392.7417 672.5163 0
2517.4713 749.4075 1051.7438 1494.5875 1811.1885 1779.6769 615.3536 2896.3475 0
867.55 288.4 443.055 103.1275 453.2885 605.9846 422.7905 584.3575 0
686.5362 182.135 170.0888 99.58 656.8731 586.1731 217.0238 1323.5525 0
1931.1425 328.3675 481.0088 992.0312 558.2461 644.6615 713.6964 2643.4512 1
1627.27 322.6288 625.8975 590.4138 1002.0827 1117.8904 334.1238 2140.9213 0
4642.0637 1063.715 1777.9662 2202.9038 2570.9596 2608.3731 294.6048 3827.735 1
754.19 85.09375 360.72 55.1775 211.98077 194.85577 246.65476 251.5725 1
1082.3812 339.1 356.83 21.08 527.0577 635.7423 305.2381 735.085 0
660.1275 183.9575 216.845 76.66125 392.525 393.27308 190.5 607.8 0
3134.9388 935.2038 580.7275 1343.4212 2307.575 2310.2615 357.8274 4065.3613 1
221.18375 42.12875 153.23 148.65875 105.08462 99.57885 231.79762 875.205 1
2787.0425 733.7687 371.5362 697.3275 1746.3808 1888.5654 341.2643 2064.3975 0
657.41 107.5238 248.5412 374.2 442.2942 480.7404 147.2583 1483.5325 0
175.22875 42.74 114.88 88.56625 134.11923 127.38462 143.87024 690.195 0
966.085 147.19 238.7625 83.51375 376.50769 443.16154 224.1131 629.79375 0
1817.94 373.7713 476.195 887.695 697.1115 659.0808 919.7726 2395.7788 1
272.9287 52.955 103.1038 58.4775 191.3385 220.7481 198.9309 239.7225 0
2699.1925 549.095 596.045 953.9538 1240.5846 1155.6058 337.3726 1875.5488 1
