552.6588 389.765 624.4262 309.4937 475.2788 0
2314.949 1779.987 1342.967 1644.426 1648.46 1
137.9712 164.7325 338.46 333.625 209.2192 0
987.7988 723.4013 660.61 973.1688 576.6404 1
584.7325 361.3125 147.9062 124.02 464.3096 0
2030.8775 1386.8225 387.2425 325.045 1453.3442 1
228.2862 154.055 149.5225 126.43 214.5827 0
3886.9925 1781.3175 598.4975 541.5325 1849.6173 1
404.3188 380.5975 170.1138 183.7063 503.6519 0
4322.8788 2514.7675 906.4288 774.2787 2510.9846 1
416.1712 333.1787 365.3938 61.53 334.9654 0
3552.984 3321.149 1747.855 2221.751 2679.89 1
632.7463 494.2475 304.4887 244.7375 528.8635 0
1872.491 1491.046 1231.106 1236.299 1422.483 1
636.0237 543.47 449.8037 282.3775 633.2231 0
183.6213 314.3525 418.3988 277.5437 608.6269 1
185.3225 111.71 193.85 49.02125 194.14808 0
412.0725 258.2675 620.4713 89.84 373.1 1
230.69125 125.09 228.63 51.82625 179.11923 0
3034.6875 1560.5475 760.445 296.6313 1605.6173 1
188.36625 185.0975 489.83375 81.27125 271.71154 0
2417.878 1392.77 1270.969 1224.733 1513.119 1
182.00125 93.28375 79.3 16.0425 118.08269 0
163.6087 140.63 229.045 69.1325 212.9615 1
332.3612 187.595 287.23 102.7588 343.9769 0
103.42625 105.71625 102.5075 85.42625 149.65192 0
339.7713 236.5213 144.4087 137.6538 348.5288 0
329.8687 215.5012 254.6937 178.5737 289.8308 0
448.4737 281.86 286.0025 413.355 473.9981 0
413.325 393.5838 241.3562 216.2612 597.5942 0
471.4787 566.8963 261.0113 664.9625 739.2731 0
812.8212 306.0025 175.815 111.4387 663.1077 0
287.1737 264.9038 147.2 43.5925 436.2385 0
779.6387 167.8913 241.7388 170.1037 472.1461 0
505.99 287.4513 214.0575 181.665 364.5788 0
219.72 110.4975 60.5125 30.1975 287.3981 0
250.2812 180.7287 280.2912 401.69 362.3404 0
228.02875 220.48125 92.3175 51.14625 282.71538 0
2689.205 1109.5925 437.0113 1214.4637 1723.4481 1
500.425 39.38125 201.1475 165.185 226.8 0
335.69 84.99375 93.0775 182.51875 196.51154 0
1765.185 449.395 543.2862 480.3562 1263.4038 1
5832.318 1550.911 2161.898 2008.514 1094.673 1
846.975 275.6525 302.895 228.12 541.3519 0
2517.4713 749.4075 1051.7438 1494.5875 1811.1885 0
867.55 288.4 443.055 103.1275 453.2885 0
686.5362 182.135 170.0888 99.58 656.8731 0
1931.1425 328.3675 481.0088 992.0312 558.2461 1
1627.27 322.6288 625.8975 590.4138 1002.0827 0
4642.064 1063.715 1777.966 2202.904 2570.96 1
754.19 85.09375 360.72 55.1775 211.98077 1
1082.3812 339.1 356.83 21.08 527.0577 0
660.1275 183.9575 216.845 76.66125 392.525 0
3134.9388 935.2038 580.7275 1343.4212 2307.575 1
221.18375 42.12875 153.23 148.65875 105.08462 1
2787.0425 733.7687 371.5362 697.3275 1746.3808 0
657.41 107.5238 248.5412 374.2 442.2942 0
175.22875 42.74 114.88 88.56625 134.11923 0
966.085 147.19 238.7625 83.51375 376.50769 0
1817.94 373.7713 476.195 887.695 697.1115 1
272.9287 52.955 103.1038 58.4775 191.3385 0
2699.1925 549.095 596.045 953.9538 1240.5846 1
