552.6588 389.765 624.4262 0
2314.949 1779.987 1342.967 1
137.9712 164.7325 338.46 0
987.7988 723.4013 660.61 1
584.7325 361.3125 147.9062 0
2030.8775 1386.8225 387.2425 1
228.2862 154.055 149.5225 0
3886.9925 1781.3175 598.4975 1
404.3188 380.5975 170.1138 0
4322.8788 2514.7675 906.4288 1
416.1712 333.1787 365.3938 0
3552.984 3321.149 1747.855 1
632.7463 494.2475 304.4887 0
1872.491 1491.046 1231.106 1
636.0237 543.47 449.8037 0
183.6213 314.3525 418.3988 1
185.3225 111.71 193.85 0
412.0725 258.2675 620.4713 1
230.6912 125.09 228.63 0
3034.688 1560.547 760.445 1
188.3663 185.0975 489.8338 0
2417.878 1392.77 1270.969 1
182.00125 93.28375 79.3 0
163.6087 140.63 229.045 1
332.3612 187.595 287.23 0
103.4262 105.7163 102.5075 0
339.7713 236.5213 144.4087 0
329.8687 215.5012 254.6937 0
448.4737 281.86 286.0025 0
413.325 393.5838 241.3562 0
471.4787 566.8963 261.0113 0
812.8212 306.0025 175.815 0
287.1737 264.9038 147.2 0
779.6387 167.8913 241.7388 0
505.99 287.4513 214.0575 0
219.72 110.4975 60.5125 0
250.2812 180.7287 280.2912 0
228.0288 220.4812 92.3175 0
2689.205 1109.5925 437.0113 1
500.425 39.38125 201.1475 0
335.69 84.99375 93.0775 0
1765.185 449.395 543.2862 1
5832.318 1550.911 2161.898 1
846.975 275.6525 302.895 0
2517.4713 749.4075 1051.7438 0
867.55 288.4 443.055 0
686.5362 182.135 170.0888 0
1931.1425 328.3675 481.0088 1
1627.27 322.6288 625.8975 0
4642.064 1063.715 1777.966 1
754.19 85.09375 360.72 1
1082.381 339.1 356.83 0
660.1275 183.9575 216.845 0
3134.9388 935.2038 580.7275 1
221.18375 42.12875 153.23 1
2787.0425 733.7687 371.5362 0
657.41 107.5238 248.5412 0
175.2287 42.74 114.88 0
966.085 147.19 238.7625 0
1817.94 373.7713 476.195 1
272.9287 52.955 103.1038 0
2699.193 549.095 596.045 1
