2.9706231331328 4.73744106442386 3.07757712391494 6.27429862343005 4.71212164660024 4.70060529929788 7.77601813313116 5.67573200421888 0
3.22564692014522 3.78132062386502 2.7931019959257 5.58306903287832 5.44467213027044 3.52563248167556 6.13196178209321 4.66089453920227 0
7.55345073647071 7.86257483613154 8.01997013111644 7.36581211845348 8.83009837093707 3.35382778081842 3.18075178468882 3.86708267004245 1
7.47170130363961 10.348846473226 7.05307144909408 8.93858928408499 10.3933959669389 3.10945834777774 3.4708496666446 3.50296930829716 1
5.86595579264717 7.1546799566696 3.3847582128696 6.59623920040782 8.56734492488271 3.46498969551671 3.65408458761311 4.49943237370396 1
3.47492449987601 5.93557091726471 3.06785747438051 5.37468843785099 5.27750343734187 4.4945121502618 8.19747463126023 6.03014900351439 0
6.30002938195676 8.40371376079272 3.97037827119353 7.04719411845153 7.92419057647967 3.92959202935561 3.88723128692761 4.4898097377148 1
7.9467841075484 4.66352921517585 4.2766884016329 5.61801995621677 4.59727380264567 3.3483727247941 3.75573896806873 3.38643465206459 1
7.34953642932788 9.5100968674629 7.31548642762142 8.19075422007634 8.86163451535631 3.28237297920079 3.88723128692761 3.67628409850269 1
7.20569052549275 9.09962519517996 10.2102475938646 7.18165312506093 10.0927238834056 3.23476669779484 3.76633093527085 3.57888867098721 1
3.18817708715301 3.26395383967675 2.84181783573704 5.08176160238263 6.02200763938979 4.61232380396173 9.42051605534639 5.82507196670698 0
3.34525905596663 3.85414295610606 3.12108143002864 5.82635588394204 3.82442567289072 4.30781759660228 4.48996937985791 4.21732215694269 0
3.41612695184677 5.28067795317223 4.24587688453864 6.07188127464652 7.42441165349721 3.83451363323136 3.9106406541754 3.70263259001097 1
7.68443453107585 9.0622568810371 7.00897632718263 8.2533122008989 9.14457380078202 3.27990955442969 3.77833131461187 3.95803632330545 1
5.95969074812383 9.88942455225187 4.06403579838286 6.47076487815237 6.65463310175644 3.31371188293466 3.82280374959184 3.38643465206459 1
3.1133823238998 3.87840558539761 2.66311945607119 4.6328731212637 6.64456325338377 3.45874714158053 6.64349116557371 5.61186981485577 0
3.38362328503633 7.6652125034694 2.66967773518461 6.22970153518526 6.89430461741737 4.27812780253304 5.72342694858438 4.32726016580938 0
4.23800982273317 4.73207833122573 5.26860085982441 6.30761699539389 5.39897792424342 3.85888481602381 4.23631836511376 3.51523666753541 1
5.78335725115237 9.04473401584386 6.01622316863036 6.12398666994218 7.95373205358074 3.54517733724584 3.82280374959184 3.54526085735061 1
6.23988726809383 6.85261580421179 3.22317104425967 6.25520447559578 6.8882850624541 3.79343966202412 4.00027615628808 3.68122388029572 1
7.06699409207711 8.67023908090643 4.18240340487306 7.60284702243458 7.62312773244493 2.81830568855846 4.20439146783117 3.97427791497902 1
7.19757126124598 5.79099911960212 6.15738740079909 7.43378885987769 9.36316143083673 3.01809333280221 3.68433230480319 4.25950331160392 1
5.14637277205429 7.75304995852467 3.14351384112729 6.48222377338636 7.01008213352349 3.29782636018874 3.86660747012093 3.99220834045148 1
4.04988172784053 5.9589062582881 3.13987657656946 6.61996866345778 6.21709953180759 3.36580510633769 5.69413681742013 3.97539547059994 0
3.34525905596663 3.76897724849527 3.20694931239041 5.93497598477928 3.97439800680909 3.93930407829734 4.02495760844065 3.59186022485071 1
3.38114921622073 3.76897724849527 3.73366182275739 5.41853635667093 3.88823813003319 4.40561271102717 4.24401326045708 4.65655014788074 0
8.84359183837895 5.73936087721667 3.62063884351945 5.97591544262838 8.20613300487491 3.67793669352106 3.90929926214731 3.39829974685189 1
6.17712454615643 4.49122806779012 2.84789858996266 6.21577395444948 6.24183439783476 4.38634999945201 6.39951795857357 5.42155159070739 0
4.56820660055376 3.91788523842538 3.07062376491045 5.68665244819762 5.7857258166602 4.14470785317929 6.35105407592575 5.27142131261917 0
6.0862897720822 7.4557846320387 6.44862716726757 6.92238734898922 8.81486457364493 4.02518493623579 3.90767917515334 3.53881486423843 1
8.2695413491001 9.13399593076344 6.22030341196372 7.88830768182299 8.81727712466412 3.00690726546798 3.59235855364206 3.52971340658098 1
3.47400331778643 5.73039868466039 3.05265555028421 5.61525495669891 7.10356475442069 3.47325509751632 5.16932979222539 5.30945028949161 0
3.33554786515206 3.4628728707068 3.06785747438051 6.37898680153789 4.57118314670061 3.87514463311857 4.02892144527903 3.65809619639805 0
8.50655068767394 9.43854083443865 3.07062376491045 8.31797111281949 9.90147829332118 3.18098219454718 3.68165603589773 3.7147041258958 1
3.71814337461294 3.37444504306949 3.12383932010212 5.87135513485702 4.53598666671769 3.67097036508871 4.94463520977574 5.09104998798642 0
3.3541617778898 6.21306404973624 3.06785747438051 6.32063711288893 6.03157313785734 4.31691451324423 7.95504080525248 5.79212305141836 0
3.23625156950146 5.14304280574469 2.99151791877146 6.37068799712914 7.08124026388006 3.84133188641508 5.89951587809207 4.78295779448463 0
5.66613675536691 8.58106025714062 5.01287859217825 7.6090422652663 6.99540357805735 3.55018512027632 3.90929926214731 3.50521460673134 1
3.31767314265293 3.94861916817549 3.12383932010212 5.5625794253179 5.30224642856812 4.74768905580284 4.76325451010543 4.45712563275868 0
8.21467073607429 5.65678795991865 8.84481652199662 6.99223660641232 9.8890428279383 3.54742815709162 3.80837238101057 3.70458495149459 1
4.83125110119424 4.10284520938275 4.00586417004742 5.76502898369079 6.09670391927396 3.60957247413417 3.82280374959184 3.51427421279307 1
3.31066522400141 3.56390434551698 3.12383932010212 5.35426000708749 5.1266815051707 3.53458547857389 3.9106406541754 3.71458471050625 0
3.87137067995168 4.05676271499173 3.04708294711024 6.03194935774621 6.22366601985076 4.36406331923807 5.54665393770064 4.91513093103702 0
4.22721072397946 7.29510866655871 2.71140347659949 6.2880579871225 7.18461618688857 4.01830049513535 5.62314866625993 4.61896271841724 0
6.25919688169063 8.8598426590254 5.65537576886289 7.05442309795111 9.73894367692586 3.22877826665497 3.76502086709338 3.74206481279074 0
3.34525905596663 5.73772274543495 3.09004574675191 5.90572212820629 5.96930218559972 4.21684454245271 4.08616725652882 4.52520986287902 0
6.60450834407074 8.90484611534527 6.19762187450521 6.98711145103145 9.26076213817969 3.25532318715851 3.47366483927131 3.42952542375087 1
3.22564692014522 3.54790421144696 3.09004574675191 5.71253919041589 4.87158058002339 4.04276857959347 5.61318617797281 3.95904371323736 0
3.03272389876905 6.82761222832864 2.54442042527691 5.77245614166957 6.53435841702114 3.30950517618186 4.34480298347969 3.99902816720423 0
7.19878355842894 7.92772516494675 4.2652758692034 7.30504586742219 8.66272313206169 3.44197973717089 3.65209837826466 4.4804660114486 1
3.73202913092027 4.06750797383454 2.9676915125915 5.45477728659978 5.588682956125 4.33605047507831 6.80493458121057 5.97163804603584 1
3.44582698472477 4.98877111572381 2.97081432815029 5.77149265306781 5.3398131498972 4.21430472382668 4.53476103762574 4.79404971806712 0
8.24434964495322 9.68217817771553 6.5348863941152 7.85247971420015 9.12793958977845 3.05727136081748 3.42126163810962 3.48455995748196 1
3.52871736918279 5.75109726762499 2.83822723467609 6.38402989842704 5.65203788218689 3.36548647294213 3.38728003249 3.92207099368516 0
6.1606721939163 6.93676518869181 5.69870930143349 6.73418725173367 8.67158053557752 3.96048847487043 3.88723128692761 3.75688392698149 1
3.10692655865539 3.13059930850268 3.17183174184581 4.7328245423629 5.37334505550162 3.6122355667439 5.81617189627806 4.44768608570525 0
3.63882523343698 3.76897724849527 3.28042346765672 5.87135513485702 4.32904297497588 3.86696923108212 4.45631996264721 3.66594224682405 0
3.33235212047479 4.35374676920551 3.0338517652241 5.59004386056592 5.09114655130184 3.70401905687624 5.16864513688204 4.16376703954863 0
7.29246642274922 8.86857558697355 4.91774193513446 7.54613214660362 8.28318192472884 3.06453077224124 3.8251538391232 4.05322328962109 1
7.38427314090934 8.45349072175235 5.69487926319979 6.80205507922579 7.03944247846876 3.25532318715851 3.35994735845326 4.92072126292306 1
3.98399586903649 3.6929542268098 3.13360341833574 5.58306903287832 4.40582873249473 3.84718892343095 3.88723128692761 4.16904292516351 0
7.94921978621303 10.0644317488718 7.48720060517004 8.20930065993868 7.56056655680935 3.01768869721951 3.69636907728689 3.54208346790808 1
7.83964592734939 8.2704776955518 7.05391092744251 8.36544263894265 8.14211432036914 3.40712159199049 3.92468185225096 3.94915048301815 1
4.13240379255639 4.14207174664457 2.95610383072659 5.75318059345128 5.81941967401499 4.80809409485675 6.64650874558734 5.48486829023331 0
5.34282117353376 9.26975928073125 3.08338133206215 7.3325663959704 8.51410660139868 3.3260717446122 3.71103632753782 3.44765870545915 1
7.9450564880755 9.5797605659908 8.01227075249675 7.95449358269989 10.1417713676289 2.64144190649352 3.82280374959184 3.38643465206459 1
6.13031566100731 5.33767877490031 3.06845040459386 6.48886043393846 6.62050622887497 5.34175006024429 7.96936661572246 5.23228100809755 0
3.10692655865539 3.40184673090601 3.09004574675191 5.13649088539156 4.34802629105342 4.18814845025268 4.50050749826504 5.35819645791719 0
4.56434608830249 5.93418381587053 2.82592139612174 6.49767087044325 7.22994353696924 4.22641524458157 7.99485377061689 5.51409063691558 0
5.31912145293161 9.21045279002848 4.59799131576898 6.60810685587411 8.55245975967014 3.61246346476279 3.82280374959184 3.89364761233534 1
7.35986431078016 8.57921619340463 2.58506577158114 6.64277186572766 5.65702236930049 3.44832235465462 3.90929926214731 4.30522071580563 1
7.67087315961431 9.78584186589593 6.46377664981418 8.65959461647124 8.2478756731431 2.93047593168463 3.39398012761428 3.6405784693108 1
3.34525905596663 3.37444504306949 3.12383932010212 5.79368899468153 3.75958448210869 3.51360504568702 4.09107162065291 4.53392016199259 0
7.99450573117529 10.5595033738368 3.09768788968767 8.09647970636889 7.88225952994235 2.74351724484843 3.90761822982187 3.23283592215485 1
7.29275261999089 9.19200050914024 6.54850249732938 7.88187436177527 9.26049492247837 3.02436356682497 3.30765570395421 3.81798751524826 1
3.0595448522014 4.06640246648115 2.90095751541979 4.51275247751126 4.32904297497588 3.93234256857255 3.87948753702735 4.26045723973079 0
6.9008266195988 8.5916092340354 5.05082674515995 6.53808783381408 8.55592574658299 3.69202202271205 3.82280374959184 3.52166018650345 1
7.54448880941839 10.0905079917091 7.81283744921426 7.44852951783822 10.0008093878653 2.84968236667064 3.35363626495699 3.83088963397255 1
3.64024649434439 5.16679633465204 3.09004574675191 5.99386901985973 6.58680770863536 4.29994739805182 7.46312294258551 4.69651766350173 0
3.45791536363862 4.28430114038984 3.12383932010212 6.02423509991476 5.86530736297163 3.8869274160265 5.60795550459928 4.11137423807684 0
6.41103854386723 9.37870279049039 3.10160384023227 5.65642255561938 9.25155991428716 3.8945023450881 3.88723128692761 3.89185682692649 1
3.90959723907132 3.0764860449956 3.12387408468226 5.58306903287832 3.77888015360422 4.76812457780357 3.9106406541754 4.29443583424485 0
8.85037597307548 9.33396449136302 5.82279060261699 8.38709953483884 8.99442636087822 3.14723383131243 3.88723128692761 3.89828800261306 1
3.22599524870684 5.04522924291231 2.7931019959257 5.57646441583866 6.09676015702014 3.69922540227947 6.99336136896871 5.31216173549845 0
7.81853149615524 10.3839935738773 7.09625962743044 6.15605095822502 9.95167435373044 3.28237297920079 3.87076687054542 3.39433201564465 1
3.53805842212377 7.65970243734215 2.79953062953426 5.48357332916157 8.1382768783792 3.74987720147445 3.16900376294947 4.32994620512831 0
5.83701037634436 7.54293402432973 4.82815169771253 7.0731918875123 7.12481661893415 3.50694356041732 3.56576072793552 3.67133605510689 1
3.02778371919422 8.38618389371331 3.44086950098362 7.10538882680447 7.19584945856979 4.27103740910623 6.74580173685388 5.54258470904506 0
3.34525905596663 3.73169781132906 3.21447948085959 5.88806905152593 4.20446455110814 3.56809035341361 3.82280374959184 3.38643465206459 1
5.34472019943342 7.1232575679162 2.98610869019346 6.93939587799231 7.58182109419653 3.92877820799862 6.42828119110301 4.24425646829287 0
3.02617018296934 7.5167113766861 2.8809626082804 7.16650837738537 7.69007339905386 4.02302446389418 7.01079595964169 4.15611761340445 0
8.17380563336694 8.23325433531624 7.05629483755256 8.71944096026471 7.54359872557879 2.85635821203822 3.86896403242076 3.08694726006211 1
7.41505294772092 9.60206608590029 6.74117753465455 8.42413722366501 9.33503697527328 3.30067114332826 3.8559437507676 3.87424700342602 1
3.02549446600614 4.65030062769244 2.57246465944364 6.0552936443368 6.77327320146956 3.82607822322752 6.7039622329182 4.88759331495961 0
3.22599524870684 3.7142008476712 3.12383932010212 5.58306903287832 4.94927746014075 4.73522043024688 3.9106406541754 4.57433224333942 0
7.71085384231568 9.47004259501255 7.75539761056304 6.29839340273522 9.67098188928734 3.52716839035429 3.88723128692761 3.99242841864858 1
3.64505022272422 3.83692199440259 2.98521082795334 5.81882407402108 4.52716730507768 3.77438163625339 3.90929926214731 3.23618563788199 0
3.1154091143751 3.30233581033654 2.89263766204619 5.73093819672472 5.53786979559143 4.61469972849357 7.02403582922528 6.32627258319567 0
6.66926065398548 8.24938280737538 3.65702831864867 8.00696757680521 8.90695942209832 3.40712159199049 3.38465767339383 3.74283353499475 1
3.37495969361227 7.30001867781354 3.14526509402693 5.95141294781578 6.29881737248377 4.18449140985994 6.34019585929468 4.66021379254148 0
3.32848064086614 4.30027098981748 3.01465399305211 5.1693345157109 6.20278653002307 4.15695901749395 6.24515290198033 5.52438172221252 0
8.15731724811151 8.9757599347608 4.06522235956951 7.62328521618945 8.66894317702863 3.2685739271714 3.84529854787552 3.80058361402144 1
