1.25026208529197 1.12720049199684 0.45002152888661 0
1.68100500934439 2.23149145748831 1.10726548948745 1
0.995128267251361 0.19619971672078 0.599924981775739 0
1.36129216905477 1.73896286182916 0.685592314777201 1
-0.000542761432797384 1.36525177254208 -0.344368926090416 0
1.23922088209545 2.81708304745541 0.593760320040651 1
-0.120142886165055 0.309827639388287 0.153069296255904 0
1.27027936629274 3.06359072220553 0.855857215120529 1
-0.240969507851086 0.493977210109618 -0.287168005556839 0
1.30588983246051 2.81617135169264 0.619695246141828 1
-0.0480713469192107 0.0670996115962346 0.275488072813165 0
1.72772537240974 2.41896242971815 0.464207032722781 1
0.55014124008052 1.31617947303082 0.385416170622871 0
2.03773880819684 2.42982835927537 0.776371923609961 1
0.71052719380256 1.05752891454465 -0.103459963507391 0
1.03679328237017 0.365467959428733 0.469490841056914 1
0.615619928705083 0.576432263186645 0.555381313560423 0
1.71205754813187 1.34518847287785 1.72989792060429 1
0.503593179853148 0.512064603062318 -0.176578394577431 0
1.60091272212687 2.8987561060802 0.876836841615428 1
0.757485213111823 -0.180524886039358 0.356247641788855 0
1.58752999142722 2.25843131720087 0.49154650489568 1
-0.23364793426525 0.447687913043452 -0.275356996062103 0
1.53675015436902 1.21479334392192 1.45469032854802 1
0.167284163487806 0.304802418007796 -0.204581332483974 0
-0.46628584897547 -0.457319901758309 -0.0771178301964482 0
-0.141875602743006 0.75019901732472 -0.0975228040576686 0
-0.188132815561031 0.07261761155249 -0.219368480065916 0
-0.309547139927859 0.137225347666427 -0.137305287912826 0
-0.41965884582361 0.129218795327382 0.0524177978651213 0
-0.320118261786457 0.272878484216483 -0.269417209438211 0
0.063970032604889 1.52204613549432 -0.0890862839427447 0
-0.0703419299241315 0.552288101602565 -0.0492660152994989 0
-0.210336733803734 0.999289678978477 -0.22734280224884 0
0.22204790811226 1.07775442993434 -0.0863358613200532 0
-0.93358388545127 0.296014171874434 -0.581227420775016 0
0.0482644377858897 -0.0603049417169176 -0.0729756121615781 0
-0.443593739872232 0.378414384172428 -0.577057428396949 0
0.883414654165788 2.57360074543693 0.953524315206004 1
-0.0779399244888779 0.830344902806384 0.0824293051891312 0
-0.259501036483366 0.895806554386933 -0.229125216130053 0
0.748334744215216 2.02575955546721 1.00218190424405 1
1.70995439826544 2.74127856439043 0.713421019818228 1
-0.300394466500635 0.716611147423272 -0.0434780056791141 0
0.802039778033412 1.77308728055155 0.205699458250667 0
-0.000722705654950308 0.683111827082726 -0.0483658499668103 0
-0.919296170638569 0.438499387715514 -0.682166116218604 0
0.440851149472142 1.89006696149942 0.852238125453613 1
1.24161648344201 2.21266337084551 0.603710200951979 0
1.82914111134276 2.72105300630892 0.158503302225458 1
0.542918667788175 1.23532390562506 0.186068863652122 1
0.0220012558974536 1.05863113270468 -0.123888343823344 0
0.0995510446511 1.12291742135826 -0.0195212725774356 0
0.809685880636391 2.54816893757966 0.310406113664481 1
-0.228608875470472 0.127401890052225 0.172862618407191 1
0.70934214241628 2.68702079877063 0.625930795393484 0
0.315765070198478 1.12567857760978 -0.120058614127416 0
0.0511089255068191 0.432913976305886 0.254600944207392 0
0.0592690489434693 1.30028071392575 0.00305215083929126 0
0.733924212466449 2.07387050384195 1.3923777895474 1
-0.499281938868383 0.461181518713198 0.149155591216772 0
0.994070070615264 2.47821989118826 0.434830102544561 1
