12.3977412889756 9.52348702512738 12.687685397084 12.7053860947325 10.4542122887747 11.0736212720689 12.5339886335889 11.9422622449066 12.7589637937021 10.5629358875829 0
12.871485333724 8.91901153558564 12.9823969516832 12.9883818947013 10.6167841606289 11.6606750587863 12.2084792310865 9.99145049421326 13.2009409698511 10.3381671071938 1
13.4786356151376 8.45738163446184 13.2318495514493 13.1989479709118 10.5172535783753 11.0490661405076 12.9157454558382 9.30000863130812 13.1058217168421 9.05104729937875 1
13.4824580972816 9.3530501590864 12.9312852258473 13.8065941599701 11.4829084626559 11.1214215574187 13.3158251525885 9.76995738269374 13.3578686734305 10.0844931861687 1
12.6773244656887 8.4659950937252 12.469725904482 13.7088561618969 10.7265816238598 10.7375412633478 13.0204557559703 9.43469104060117 13.0085880948363 9.13599817471708 1
12.7844008917946 8.51159348052709 13.2228637708834 13.0509559240957 10.3959135444167 10.8830463829713 12.8973695295983 10.5976113305819 12.9067266292606 9.20019778296183 1
12.2292929737169 8.834444875034 11.8855469560625 11.2070951379593 9.74504970786858 9.82170459570161 11.6689420682167 11.0641663283558 11.9251175080513 9.72726833579017 1
12.9160431790537 8.69113096595583 12.5809845661237 13.8388801078992 10.9067121855035 10.9567356471819 13.0333605959449 9.0276295019555 13.3787298934023 9.40924203509986 1
13.1780020701404 8.8444362566691 13.0591843057706 13.7727913704975 10.8546012507942 11.5372360562999 13.104500332218 10.620220533981 13.1523754508412 10.8043944247552 1
12.9165575319863 8.77278464678503 12.1599488678962 12.722230228101 10.2187558201663 11.4286771666664 12.5562279696146 9.6351733788808 12.9979436028132 9.15094324862079 1
13.8510192580151 8.0829843114125 13.8099952850502 13.6727496709549 11.7321506145926 11.5960134118267 13.2931143345613 10.8869249500691 13.5273938754863 10.5047279933407 1
12.0964887566725 8.70186476162971 12.0003168962487 11.6985042932614 9.90071575202043 10.7054924215057 11.44624399901 9.36152296102316 11.4024213859084 9.81656392703391 1
12.6301835343156 8.56078889000034 12.7305730316159 12.8590714180428 10.3669465032005 11.301218656749 12.827053488683 10.4424849883884 13.0882261787754 9.84313718513773 1
12.2079745899619 10.0347051215159 12.1480083401787 12.0655771750863 9.91615814434157 10.142140483593 12.131220092793 12.1213685771065 12.6834279636604 10.1627311416209 0
12.36397214879 8.78811315028774 13.4328644718491 13.6506851447588 10.0805010881582 12.147440800269 13.1177782176084 9.46188240176677 13.0651242540334 9.22725889963341 1
11.7047066308034 9.09592415530679 12.0385670231647 12.1704573153039 9.78134165541973 10.5118361488895 11.7950146542923 12.6296244626121 11.9110398117024 9.979537341766 0
12.65399502906 8.75446950984601 13.3564079787527 13.2881885688262 10.6004095654756 11.9132362840729 12.8325263862253 9.46128207420359 13.534595287956 9.39516606101913 1
13.1067039399 8.15429665670128 13.5525190855915 13.911607459532 10.9772573675597 10.9729395071036 12.9858651171146 9.39870616552887 13.8358478503002 9.03165275357033 1
12.0464486503665 9.03807173809769 11.7949955100097 10.5401258995174 9.5685564348796 10.3042054171531 11.6841227510924 11.1810917721183 11.5493849814619 9.29634241827828 0
13.1541358959743 8.94552945464146 12.4244530247654 14.068775611777 11.628091935785 11.0652083453307 12.0411126941695 9.16453957941139 12.5395810901725 10.2128822189739 1
12.8508362925497 8.31442987855499 12.8026713161568 13.5875431206281 10.7009100208302 11.8016500991446 13.0404461565 9.48547801094316 13.619462197082 8.88929985383772 1
13.5838902068864 8.54899294387242 13.4158920225675 13.0950588672296 11.514340292556 11.0473490706053 12.7464951090606 9.85099477728567 13.272925959776 9.06144118683107 1
13.5011054657474 8.55586731634387 12.5010642055687 13.2750944094015 10.714813412399 12.2747898769603 13.4457612108327 9.69267048065584 13.2501540690632 10.16655028048 1
12.2786544480501 9.08636403582244 11.888628656068 12.3036868836183 10.0534643976273 10.8781154004627 12.2161734048115 10.9617596228479 12.6820399944849 10.199258507208 0
12.699241059886 8.33342602600174 13.8106954223047 10.7598403245269 11.0559488586619 10.9777285993468 13.2569368180192 12.829454142998 13.3273423183298 9.84484723695552 1
12.3927208189196 8.45009288850202 12.4369471838103 11.5273349602985 9.98526766603006 10.7672307327793 11.7840368679311 9.55055974489723 11.8584437862892 9.63588301739494 1
12.0212275605025 9.18944278602537 11.7421189268231 11.1380556190551 9.65135611449682 10.4630011553186 11.8553616291767 12.7277448442956 12.1188144738671 10.0902412688566 0
12.4191883608596 8.35883215304055 12.9363755813648 13.573327727357 11.0523451680047 11.166925308969 12.5538753676425 10.7393504517136 12.6172634832638 9.25650138506498 1
11.9698756602553 9.47736015845756 12.3404175152259 12.6612496687243 10.0839087278482 10.9115492536498 12.5468565257088 13.0610427032092 12.4540018721535 11.0421969573411 0
12.4552649744303 10.1517165078395 12.4538291000258 12.5032653283033 9.8933740248824 10.8157850103734 12.3196911953041 10.1214177031388 12.6125483671038 10.8524291917738 0
11.7008676294843 9.21451822354407 11.9673515232068 11.543755934728 9.79109533466155 10.3790884076424 12.108206847271 11.1139350876806 11.4146274630166 10.3692194685412 0
11.958202358168 9.76744715663488 11.79638113229 12.160728096477 9.8196504363489 10.4218781436165 12.1251705100479 12.3092809807093 12.0355795460802 11.2395813467881 0
12.6938398246023 8.52266679368329 12.5027137457406 13.2573541438107 10.6830595853298 11.3394122751877 12.7220764683304 11.4120442030557 13.2813018963609 9.50348654424249 1
12.4736850547634 8.96914408298664 12.4180286691115 12.8659054214403 9.94063722457659 12.499734292705 12.995634877933 11.9073332641363 13.4934508108027 9.71167523763876 1
12.453013535624 8.56964175719702 13.3564867830939 13.0906869481952 10.4491801735023 11.0947324546635 12.6200018847207 9.85902791414757 12.8400585359959 9.02178184297011 1
12.3940879715849 9.17240121793816 12.7259985307333 11.9990419064021 9.94886900919903 10.6116012520506 12.5469666448273 9.61457316809172 12.5445155864146 10.5797067182889 0
12.0688716219309 9.51976681625656 12.2134761004659 11.9472237055732 9.85346482905164 10.6274650835561 11.8764978265467 11.7421004502602 12.1904201229019 9.95266660551951 0
12.6022033813262 8.77593859749522 11.6737663566513 11.3363908064796 10.0555038064073 11.9857271014645 12.2128641563673 10.2421072213352 11.9039454782568 9.38509990148897 1
12.4438105750664 8.61898789611192 12.9411913569286 13.5580453733577 10.2254719454275 11.1840396931721 12.9613309872774 9.5842677107976 13.2406771042232 9.13769388158662 1
12.7474105362848 8.80545530416579 12.6436567103846 14.1006025265904 10.7454318113469 11.7165198825833 13.4097916327825 9.56597778605399 13.4173371753889 9.54799015647318 1
12.0420534982927 8.81287432678563 11.8836578077922 11.0753902719651 9.85776650232416 10.1063946580097 11.6886263831148 10.5408862895132 11.7025060029491 10.1204984164045 0
11.1178936435105 8.78183640421188 12.0271906593425 11.9790657438758 9.78873247252969 10.4673246812619 12.372313670977 11.6159399230717 12.3034055695282 11.2798351092599 0
13.1754905578342 8.23970418525392 12.384746395335 14.1141044959043 10.9368896521424 11.3663267059294 12.3804401961898 9.46686103107583 12.9769636803827 9.88259098501207 1
12.9645404997268 8.95287325866832 13.0953637681038 13.5080472869738 11.1167269287102 12.1135801457131 13.871443443293 9.61977375517248 13.659467744712 8.79556334158279 1
12.9768686298448 8.67243535280929 12.5456149286217 12.170072268876 10.5350768093552 10.5758996517805 12.0497731506397 10.0559769640009 11.869816104801 9.53716969443972 1
12.9893858107869 8.14136665962857 12.9824255208722 13.3071908560368 10.7713501547901 11.3794034007869 13.0371615359214 9.75562344298973 12.9647195932861 9.93051175660778 1
13.4285271025864 8.49586026392685 13.0299091311843 12.3922406715634 10.5640995230963 11.4343828922945 13.1002274248732 9.77306168608559 12.9101560537823 9.01276333748765 1
11.7413823227134 9.09147686107287 11.6690700549153 11.5525548242357 9.85027425850366 10.0458608252795 11.814498470863 10.5594126642323 11.7762775435174 10.7827333129988 0
13.8819450298491 8.10945126385542 13.8029079311637 13.6829501996668 11.6955711614758 12.4027045814699 14.0097346306584 9.34690853471525 13.1851871437809 9.19273573004455 1
13.4607003830866 8.4047604173858 13.629989138722 14.2458461028403 11.6133189535677 12.1277782209978 13.9706801842268 9.64627104179252 13.960237907246 9.72541663384131 1
12.8991036638121 9.11795120499558 12.5149996169329 13.3229929966985 10.1045708205905 12.5449872626871 13.451925099348 9.18927344213191 13.5114629082532 10.0944598883467 1
12.1137417589744 8.83636687078091 11.7377381157241 10.8516409473321 9.86740562294892 10.3634267953007 11.7727257313519 10.0052472894909 11.547133205365 9.57540223001922 0
12.3259177267055 8.55616344308729 12.8469432039617 13.795332606404 10.2575994263358 11.6922850878549 13.0384311118438 9.85397265627136 12.910781939069 9.21543802202274 1
13.4752688640334 8.58269402800632 12.4842791419911 13.343521134655 11.5875657274398 11.0759908187004 13.0782655972943 9.20937577931396 12.1978328412498 10.1262055407859 1
13.4567641980101 8.30879142691814 13.2086803493206 13.0754874418412 11.1383710243437 12.0087107288795 13.1746112146734 9.73579028794286 13.6213907402397 9.83832718774897 1
12.3355762628224 8.81325134213714 12.7097537851692 13.1027487069381 10.4235727015823 11.4645434120369 12.7411430209096 9.94037706520365 12.7719526699413 9.53804852786002 1
12.2459193116519 9.05712046266528 12.2368932151556 12.1614182830059 10.1858215549406 10.6326561054722 12.0193556544159 10.1916101900234 11.5235942578061 9.59284942224478 1
13.1947128827172 8.69126537356571 13.0852034851245 13.2315423127214 10.420941901753 11.5002404713115 12.8404601915843 9.8824888606575 12.9099995749252 9.18885053279215 1
12.3281655712395 8.33363949554542 12.1480234692073 11.5464711410235 9.9300555346571 10.7999731605154 11.7001008424833 11.376869110115 12.3365123201053 9.30587003116515 1
12.5454482246361 8.2133739015366 13.6924837237844 13.7625553745092 10.9292784621405 11.6213556118329 13.5881660782762 9.37232244400164 13.3995695317204 11.0135501387345 1
11.8723633664803 8.34599555714963 12.9154962615808 12.7622195833253 10.2953518386843 11.7829359576476 12.9875984744275 9.30587053584341 12.9448481614828 9.25517219040489 1
12.8526993373889 8.76185741703983 12.2766790700955 12.7110738678324 10.1327979415577 10.5699212413878 12.5531485095046 9.36489262313574 12.1571919273687 9.62443492981267 1
12.8853919221845 8.57346653851241 13.1197802969108 13.7564410972527 11.2041553344158 11.1583030229736 13.1882904812905 9.18428403931197 13.6872059902834 9.63384911748588 1
12.8870043061543 9.84041099562023 12.8883969364086 14.1654340016857 11.3009565110976 10.7853124802273 13.2926372989183 9.03379555927559 13.8531728536203 9.85347878416963 1
13.3617306011191 8.42859165602999 13.1736652069288 13.1556556417388 10.5259210107659 12.2118426846694 13.1813818864904 9.97625202071868 13.1348149031782 9.67976141188668 1
11.6320956282741 9.13112857593859 11.2179238996524 10.7307932349815 9.61630530109459 9.97337743838925 11.0573995157255 10.3182802218088 10.81076147622 10.3282138635972 0
13.3257466669966 8.49844815614717 12.7572576297278 13.413184687117 11.2060877888019 12.5222340804693 13.5370540083027 9.55385037423601 13.5555612829715 9.47672833342428 1
13.8879010975765 8.16673385759031 12.9382414294881 13.0407308458451 11.2793911584715 10.9103122309893 13.4383781444459 11.2120724882309 13.7353943200198 9.40036648699648 1
13.0751589910317 8.48954447593656 13.1459978428272 13.475929179095 10.2510243908689 11.7390459880387 13.3440395220942 9.20805058686558 13.0485361630213 9.3839243138418 1
12.7428695467008 8.00591675269985 12.7304378791256 12.8243797065229 10.9066403154029 11.0296485408827 12.8215408361517 10.0534375708925 12.9174639739459 8.94880308095989 1
12.0939373781901 9.17491662246048 11.5354517235659 10.6541087444749 9.78986323325427 9.98235725809766 11.4245846151107 11.2184971374642 11.3873886762946 10.1365479797094 0
12.6554286239322 9.17809728586234 12.9213432189011 13.9938365479334 10.7253926772366 11.2364076793903 13.7708561569487 9.47640909991583 12.8621365679471 8.83278852070623 1
12.3800012463714 8.49703110356914 13.743735505693 12.2859378639066 10.5057538083937 10.6785048321497 12.5245921585347 9.66128309707851 12.9839685939914 9.2589282146025 1
13.2898369857158 8.41975016791305 12.9727349949962 13.5722622605393 10.562269856655 11.6663390072374 13.2282784129879 9.54573789985385 13.6591849415311 9.00916711332932 1
12.8568338218575 8.07681755053128 13.276564123885 13.2634561480184 11.1367615718186 12.4862513265228 13.5162037845566 9.94158804438376 13.597222127376 9.47386073268635 1
11.9680331205349 9.62359637069606 11.9103273219571 11.7050779022039 9.84050520303148 10.4169711804935 11.6632952888925 11.5506539725188 12.0785388401502 11.0198607586391 0
13.6885583880229 8.72109969299459 13.807996090143 14.1333659206222 12.0561498915488 11.3964359753631 13.4545723873065 10.175153003995 13.1206925025845 9.28014403726361 1
