1.25026208529197 1.12720049199684 0.45002152888661 -1.29703920452453 0.542795585503867 1.04609700710933 0.975164195858396 0.775232075844363 -0.972270049041134 0.966406802432828 0
1.68100500934439 2.23149145748831 1.10726548948745 0.0418926825142931 1.88573907234818 0.810917784182994 1.88821574675964 1.96582396369904 -1.17343300220068 1.926575923443 1
0.995128267251361 0.19619971672078 0.599924981775739 -1.13551475783387 0.982318220514073 0.66430481271003 0.566868738775791 0.35403164172942 -0.864410084114686 0.510740766617967 0
1.36129216905477 1.73896286182916 0.685592314777201 -0.899772539922507 1.72495542460046 0.81969250706181 1.23367490832737 1.44653040398436 -1.64877686268972 1.26740815513936 1
-0.000542761432797384 1.36525177254208 -0.344368926090416 -1.03808567315868 -0.175553322816958 0.561627074110658 1.13612208836796 0.886915968954306 0.110809048489667 1.06950404942543 0
1.23922088209545 2.81708304745541 0.593760320040651 -0.0231747409568662 1.07251284924608 0.325928063053206 2.49849585544635 2.45388604491667 -0.952563462405366 2.51080067042915 1
-0.120142886165055 0.309827639388287 0.153069296255904 -1.46879127539767 -0.290603589660893 1.30803713397449 0.246925176456655 -0.0897989923053566 -0.529332278336362 0.170585355955137 0
1.27027936629274 3.06359072220553 0.855857215120529 -0.57900257411799 1.17441154777267 -0.175291774190508 2.35175881922398 2.31569502674479 -1.93846938907066 2.28842946736959 1
-0.240969507851086 0.493977210109618 -0.287168005556839 -1.92001705413072 -0.175711921048705 1.30088821908075 0.680471023385592 0.442650103472464 0.705406388705384 0.706369644408393 0
1.30588983246051 2.81617135169264 0.619695246141828 -0.0920459470673329 1.1535429479168 -0.566509950742965 2.29096713942277 2.2924225483749 -1.27861090452242 2.30656658118673 1
-0.0480713469192107 0.0670996115962346 0.275488072813165 -0.673349846151037 -1.6248415617126 1.33554866569332 -0.125029738024152 -0.129763322154441 -0.11362669042544 -0.0779103618932034 0
1.72772537240974 2.41896242971815 0.464207032722781 -0.44145135698963 1.96148994129873 1.26604277482476 2.14417038341956 2.35321290489313 -1.18506405472865 2.11216222065415 1
0.55014124008052 1.31617947303082 0.385416170622871 -0.535824030325117 0.321358925000583 1.02960385498199 1.12835607217705 1.05745971020768 -0.416057542545 1.2175451900264 0
2.03773880819684 2.42982835927537 0.776371923609961 -0.0656408928656313 2.04167409848307 0.112378906578077 2.17283444852107 2.21684791165024 -1.22306279776658 2.21240813338772 1
0.71052719380256 1.05752891454465 -0.103459963507391 -0.992439588720987 0.24418494631891 0.0877667777531452 1.05310843336514 0.900005496830437 -0.774103343910812 1.09482212342247 0
1.03679328237017 0.365467959428733 0.469490841056914 -0.538929081158239 0.702209480845027 -0.355785501169461 1.34228777476523 0.803725412780246 -2.02467825965003 1.25769158904077 1
0.615619928705083 0.576432263186645 0.555381313560423 -1.33035660618363 -0.581976557034607 1.48353462167187 0.616958355450312 0.135495854478362 0.229168713409988 0.640074695548389 0
1.71205754813187 1.34518847287785 1.72989792060429 0.274999587268046 -0.0201449122754719 0.368239170242931 1.25613090360854 0.926398141549905 -0.955965287868555 1.26845566592665 1
0.503593179853148 0.512064603062318 -0.176578394577431 -2.21496547573294 -0.897297232748105 0.979389816861742 0.27324009836332 -0.0656241850549641 0.282603565416679 0.141661260207926 0
1.60091272212687 2.8987561060802 0.876836841615428 0.313882333951285 0.71807796913979 0.0512230895436758 2.30176823090106 2.27506829532829 -0.893424457076396 2.24305962069498 1
0.757485213111823 -0.180524886039358 0.356247641788855 -1.14089787820233 -1.00558055927452 1.16468913225696 0.179055084473095 -0.197706752371913 -0.880282572552656 0.0832389240519786 0
1.58752999142722 2.25843131720087 0.49154650489568 0.151294117452885 1.54887165957599 -0.211487878855819 1.76945982462129 1.68299975168216 -1.52746197339695 1.93485976821533 1
-0.23364793426525 0.447687913043452 -0.275356996062103 -0.95676558259165 -1.54419755551409 0.85148778105127 0.0928805400590546 -0.100453994153493 -0.1052816169599 0.189329884624101 0
1.53675015436902 1.21479334392192 1.45469032854802 0.232970490929676 0.390425956092792 0.0761043678252005 1.46707758822348 1.06996319499674 -1.18445202339138 1.4512459062787 1
0.167284163487806 0.304802418007796 -0.204581332483974 -1.35358530981852 -0.801303600404716 0.877114248206996 0.337172327427223 -0.234132945934209 -0.374184535167865 0.289999242956306 0
-0.46628584897547 -0.457319901758309 -0.0771178301964482 -1.53715124303004 -0.64944918239364 1.42269047048734 -0.0860814211648772 -0.435314261121953 -0.131891532221276 -0.0876321133553955 0
-0.141875602743006 0.75019901732472 -0.0975228040576686 -0.790774618332397 -0.191822771795557 1.73122799347515 0.776731539560113 0.372533188312476 -0.372525812499814 0.761841128558326 0
-0.188132815561031 0.07261761155249 -0.219368480065916 -1.91223482127012 -0.546099846228576 1.50422889676299 -0.0578394109518181 -0.35659595232587 -0.00158028242665473 0.0232948656713342 0
-0.309547139927859 0.137225347666427 -0.137305287912826 -1.05427102790577 0.0562397662880787 1.47795344092181 0.192199834739956 -0.324037397650576 -0.054974404121451 0.136363232568304 0
-0.41965884582361 0.129218795327382 0.0524177978651213 -1.648749599608 -0.531673777122522 1.96468519060191 0.50537859920524 0.0792852590252879 -0.736833762164532 0.478889187865362 0
-0.320118261786457 0.272878484216483 -0.269417209438211 -1.39096408970912 0.617715666492448 0.973781777103461 0.723954494300845 0.457706328125263 -0.0613476308643864 0.759147494053565 0
0.063970032604889 1.52204613549432 -0.0890862839427447 0.138512336400509 -0.370246833000834 1.26839012919556 1.32817884856226 0.591708252932007 0.530836535321861 1.17114935712606 0
-0.0703419299241315 0.552288101602565 -0.0492660152994989 -0.807689694498077 -1.2040966967589 1.75736653990174 0.941820442835514 0.477082948945659 -0.207906914232288 0.9562917606813 0
-0.210336733803734 0.999289678978477 -0.22734280224884 -1.3641558542156 -0.573386974867302 1.44420063682351 0.481191887097816 -0.586911236228854 -0.104911859829203 0.862879239695391 0
0.22204790811226 1.07775442993434 -0.0863358613200532 -1.25683081973098 0.0588383911128003 1.12909796343634 0.751719967309326 0.515291883559355 -0.389511826095778 0.78792232611198 0
-0.93358388545127 0.296014171874434 -0.581227420775016 -1.58412844038938 -1.59638313343133 1.40795206608493 0.552054191168767 -0.359414468421711 0.456384322314821 0.639073221206847 0
0.0482644377858897 -0.0603049417169176 -0.0729756121615781 -0.959976305386564 0.393261604512007 0.145807182464395 0.294420709271169 -0.372453052660643 -0.466078804736134 0.268787159973555 0
-0.443593739872232 0.378414384172428 -0.577057428396949 -1.43654721778106 -0.980435166367323 1.4011178534374 0.573834421894617 0.347816221827936 0.762657011898422 0.645958697137073 0
0.883414654165788 2.57360074543693 0.953524315206004 0.435446701892003 1.83415625828619 -0.127874329749224 2.15974389502306 1.75015143816193 -0.649002990519997 2.24127402458344 1
-0.0779399244888779 0.830344902806384 0.0824293051891312 -1.18013181415561 -0.274234933207664 1.88695927882271 0.0416773849164112 -1.70308031069788 0.160801663367363 0.402211429200492 0
-0.259501036483366 0.895806554386933 -0.229125216130053 -1.29013784821841 0.347011779169057 1.09822466211174 0.413540857200441 -0.341328927393521 -0.259452656320577 0.341197341168593 0
0.748334744215216 2.02575955546721 1.00218190424405 0.0654064547090067 0.614878324031048 -0.0197022236636181 1.66320110415454 0.542652192031609 -1.28398741378944 1.68918464053939 1
1.70995439826544 2.74127856439043 0.713421019818228 0.103268656687455 1.6334788359596 0.731463118452954 1.00275197083046 1.36479307731807 -0.755916653795228 1.20839684522543 1
-0.300394466500635 0.716611147423272 -0.0434780056791141 -1.15942905568146 -0.580798975109222 1.73603174827027 0.273919319342693 -0.393605878498782 -0.617370848876591 0.577596880717565 0
0.802039778033412 1.77308728055155 0.205699458250667 0.0517405001053384 1.19299379121071 0.29285495869305 1.40675310200742 0.424969129771416 -1.82935193858605 1.38722610203759 0
-0.000722705654950308 0.683111827082726 -0.0483658499668103 -1.09347508946414 -1.48416829822726 1.38150942372328 0.0225149379249246 -0.437642885430484 -0.0646167293083313 0.317962879294603 0
-0.919296170638569 0.438499387715514 -0.682166116218604 -1.07391008725566 -1.44025077033432 0.471017796330911 0.395519572397617 -0.852709484871549 -0.268194680030185 0.284707808421418 0
0.440851149472142 1.89006696149942 0.852238125453613 0.772753619939518 1.19556804905103 0.178843189701823 0.596111689271489 0.0428306965224761 -0.741265793184306 0.746170526238662 1
1.24161648344201 2.21266337084551 0.603710200951979 0.56585830314327 1.18230209214614 0.594455496594998 1.71993738859878 0.568130207653713 -1.27244752038733 1.83108283599953 0
1.82914111134276 2.72105300630892 0.158503302225458 0.104113164875174 2.02831223104637 0.372827832126617 2.17190344926211 1.35171818448581 -0.264338648135849 2.1853305906199 1
0.542918667788175 1.23532390562506 0.186068863652122 -0.550417399857855 -1.21972360311103 1.09379871472346 0.0438461274325272 -0.813036698463289 -0.607848099930085 -0.0352346145084028 1
0.0220012558974536 1.05863113270468 -0.123888343823344 -1.24771438283679 -2.62075447167838 1.53388765571036 0.386381621872331 -0.0256090807495549 0.263076929542512 0.561526190454278 0
0.0995510446511 1.12291742135826 -0.0195212725774356 -1.03400999799595 -0.856283055012777 1.22071531552524 0.645055945196115 -0.0516470583656281 -0.360013548768317 0.646806217316953 0
0.809685880636391 2.54816893757966 0.310406113664481 -0.196992266757583 1.67444376106493 -0.375379126514667 2.23223385068141 1.30097670789387 -1.13396955868123 2.23343354270703 1
-0.228608875470472 0.127401890052225 0.172862618407191 -1.05284133843841 -0.257984337688898 0.771019114894926 -0.594435551385566 -1.48097190402765 -0.165139103908893 -0.646632645208514 1
0.70934214241628 2.68702079877063 0.625930795393484 0.280710765713099 1.32726186558563 0.537677754233515 2.22826351399516 1.37725491452213 -0.453049146661865 2.30508231569487 0
0.315765070198478 1.12567857760978 -0.120058614127416 -1.17073950821415 0.656468287020758 0.382974839943161 0.795674067188366 -0.38190617965311 -0.533372814196199 0.865076765782965 0
0.0511089255068191 0.432913976305886 0.254600944207392 -2.00236785164142 -0.184136778433713 0.957447678773467 0.191133848182283 -0.843033936688012 -0.361227540533277 0.144545258515279 0
0.0592690489434693 1.30028071392575 0.00305215083929126 -0.82890012486538 -0.873372974140202 1.36840639782711 0.46365422196869 -0.370220713187463 -0.141133778958572 0.608369005743937 0
0.733924212466449 2.07387050384195 1.3923777895474 0.406038312433172 1.35687118516381 0.446269128595396 1.11513166556466 0.491683909286358 -1.216721052595 1.05901916207791 1
-0.499281938868383 0.461181518713198 0.149155591216772 -1.06060720213166 -1.05879581308283 1.73959074924366 0.110761839626661 -1.15666947158822 -0.25645284197537 0.251829020130319 0
0.994070070615264 2.47821989118826 0.434830102544561 -0.000827879462835761 1.45619799392933 0.775681978718841 1.71435618745372 0.913450837728078 -0.533636849771367 1.64463101917089 1
