12.6022033813262 8.77593859749522 11.6737663566513 1
12.8870043061543 9.84041099562023 12.8883969364086 1
13.1541358959743 8.94552945464146 12.4244530247654 1
11.9680331205349 9.62359637069606 11.9103273219571 0
12.0939373781901 9.17491662246048 11.5354517235659 0
12.871485333724 8.91901153558564 12.9823969516832 1
13.1754905578342 8.23970418525392 12.384746395335 1
13.1780020701404 8.8444362566691 13.0591843057706 1
12.2079745899619 10.0347051215159 12.1480083401787 0
12.9893858107869 8.14136665962857 12.9824255208722 1
12.7428695467008 8.00591675269985 12.7304378791256 1
12.65399502906 8.75446950984601 13.3564079787527 1
12.6301835343156 8.56078889000034 12.7305730316159 1
13.4285271025864 8.49586026392685 13.0299091311843 1
11.7413823227134 9.09147686107287 11.6690700549153 0
13.5011054657474 8.55586731634387 12.5010642055687 1
12.2786544480501 9.08636403582244 11.888628656068 0
13.6885583880229 8.72109969299459 13.807996090143 1
12.0464486503665 9.03807173809769 11.7949955100097 0
12.3355762628224 8.81325134213714 12.7097537851692 1
13.4786356151376 8.45738163446184 13.2318495514493 1
12.4736850547634 8.96914408298664 12.4180286691115 1
13.8879010975765 8.16673385759031 12.9382414294881 1
12.36397214879 8.78811315028774 13.4328644718491 1
12.8853919221845 8.57346653851241 13.1197802969108 1
13.2898369857158 8.41975016791305 12.9727349949962 1
13.8819450298491 8.10945126385542 13.8029079311637 1
12.6773244656887 8.4659950937252 12.469725904482 1
12.9645404997268 8.95287325866832 13.0953637681038 1
12.3927208189196 8.45009288850202 12.4369471838103 1
12.6554286239322 9.17809728586234 12.9213432189011 1
12.5454482246361 8.2133739015366 13.6924837237844 1
13.0751589910317 8.48954447593656 13.1459978428272 1
12.7474105362848 8.80545530416579 12.6436567103846 1
12.7844008917946 8.51159348052709 13.2228637708834 1
12.0420534982927 8.81287432678563 11.8836578077922 0
11.8723633664803 8.34599555714963 12.9154962615808 1
11.7047066308034 9.09592415530679 12.0385670231647 0
12.9768686298448 8.67243535280929 12.5456149286217 1
13.5838902068864 8.54899294387242 13.4158920225675 1
12.8508362925497 8.31442987855499 12.8026713161568 1
13.4824580972816 9.3530501590864 12.9312852258473 1
12.1137417589744 8.83636687078091 11.7377381157241 0
12.453013535624 8.56964175719702 13.3564867830939 1
12.3259177267055 8.55616344308729 12.8469432039617 1
12.3800012463714 8.49703110356914 13.743735505693 1
12.3281655712395 8.33363949554542 12.1480234692073 1
13.3617306011191 8.42859165602999 13.1736652069288 1
12.8568338218575 8.07681755053128 13.276564123885 1
11.9698756602553 9.47736015845756 12.3404175152259 0
12.9160431790537 8.69113096595583 12.5809845661237 1
13.1947128827172 8.69126537356571 13.0852034851245 1
12.3977412889756 9.52348702512738 12.687685397084 0
13.8510192580151 8.0829843114125 13.8099952850502 1
12.4552649744303 10.1517165078395 12.4538291000258 0
12.0212275605025 9.18944278602537 11.7421189268231 0
11.7008676294843 9.21451822354407 11.9673515232068 0
12.2292929737169 8.834444875034 11.8855469560625 1
13.4607003830866 8.4047604173858 13.629989138722 1
12.3940879715849 9.17240121793816 12.7259985307333 0
12.0964887566725 8.70186476162971 12.0003168962487 1
12.0688716219309 9.51976681625656 12.2134761004659 0
12.8526993373889 8.76185741703983 12.2766790700955 1
11.958202358168 9.76744715663488 11.79638113229 0
12.2459193116519 9.05712046266528 12.2368932151556 1
11.1178936435105 8.78183640421188 12.0271906593425 0
12.6938398246023 8.52266679368329 12.5027137457406 1
12.699241059886 8.33342602600174 13.8106954223047 1
13.4752688640334 8.58269402800632 12.4842791419911 1
13.4567641980101 8.30879142691814 13.2086803493206 1
12.4438105750664 8.61898789611192 12.9411913569286 1
12.8991036638121 9.11795120499558 12.5149996169329 1
11.6320956282741 9.13112857593859 11.2179238996524 0
13.3257466669966 8.49844815614717 12.7572576297278 1
12.4191883608596 8.35883215304055 12.9363755813648 1
13.1067039399 8.15429665670128 13.5525190855915 1
12.9165575319863 8.77278464678503 12.1599488678962 1
