3.41612695184677 5.28067795317223 4.24587688453864 1
3.31066522400141 3.56390434551698 3.12383932010212 0
3.02778371919422 8.38618389371331 3.44086950098362 0
5.34282117353376 9.26975928073125 3.08338133206215 1
3.73202913092027 4.06750797383454 2.9676915125915 1
6.0862897720822 7.4557846320387 6.44862716726757 1
3.1154091143751 3.30233581033654 2.89263766204619 0
4.13240379255639 4.14207174664457 2.95610383072659 0
7.06699409207711 8.67023908090643 4.18240340487306 1
7.47170130363961 10.348846473226 7.05307144909408 1
6.13031566100731 5.33767877490031 3.06845040459386 0
7.71085384231568 9.47004259501255 7.75539761056304 1
8.84359183837895 5.73936087721667 3.62063884351945 1
6.25919688169063 8.8598426590254 5.65537576886289 0
4.22721072397946 7.29510866655871 2.71140347659949 0
8.2695413491001 9.13399593076344 6.22030341196372 1
7.19757126124598 5.79099911960212 6.15738740079909 1
5.95969074812383 9.88942455225187 4.06403579838286 1
7.29246642274922 8.86857558697355 4.91774193513446 1
7.67087315961431 9.78584186589593 6.46377664981418 1
3.0595448522014 4.06640246648115 2.90095751541979 0
3.22564692014522 3.78132062386502 2.7931019959257 0
3.63882523343698 3.76897724849527 3.28042346765672 0
3.10692655865539 3.13059930850268 3.17183174184581 0
5.34472019943342 7.1232575679162 2.98610869019346 0
7.38427314090934 8.45349072175235 5.69487926319979 1
3.71814337461294 3.37444504306949 3.12383932010212 0
8.15731724811151 8.9757599347608 4.06522235956951 1
3.45791536363862 4.28430114038984 3.12383932010212 0
3.64505022272422 3.83692199440259 2.98521082795334 0
6.30002938195676 8.40371376079272 3.97037827119353 1
3.33554786515206 3.4628728707068 3.06785747438051 0
7.68443453107585 9.0622568810371 7.00897632718263 1
7.55345073647071 7.86257483613154 8.01997013111644 1
3.38114921622073 3.76897724849527 3.73366182275739 0
3.22599524870684 5.04522924291231 2.7931019959257 0
3.98399586903649 3.6929542268098 3.13360341833574 0
5.14637277205429 7.75304995852467 3.14351384112729 1
7.9467841075484 4.66352921517585 4.2766884016329 1
3.22599524870684 3.7142008476712 3.12383932010212 0
3.33235212047479 4.35374676920551 3.0338517652241 0
7.94921978621303 10.0644317488718 7.48720060517004 1
7.54448880941839 10.0905079917091 7.81283744921426 1
6.23988726809383 6.85261580421179 3.22317104425967 1
3.34525905596663 3.73169781132906 3.21447948085959 1
7.41505294772092 9.60206608590029 6.74117753465455 1
3.52871736918279 5.75109726762499 2.83822723467609 0
3.34525905596663 5.73772274543495 3.09004574675191 0
3.1133823238998 3.87840558539761 2.66311945607119 0
3.47492449987601 5.93557091726471 3.06785747438051 0
3.53805842212377 7.65970243734215 2.79953062953426 0
6.17712454615643 4.49122806779012 2.84789858996266 0
3.34525905596663 3.37444504306949 3.12383932010212 0
5.31912145293161 9.21045279002848 4.59799131576898 1
5.78335725115237 9.04473401584386 6.01622316863036 1
4.83125110119424 4.10284520938275 4.00586417004742 1
4.56820660055376 3.91788523842538 3.07062376491045 0
8.17380563336694 8.23325433531624 7.05629483755256 1
7.81853149615524 10.3839935738773 7.09625962743044 1
3.44582698472477 4.98877111572381 2.97081432815029 0
8.21467073607429 5.65678795991865 8.84481652199662 1
7.99450573117529 10.5595033738368 3.09768788968767 1
4.56434608830249 5.93418381587053 2.82592139612174 0
3.3541617778898 6.21306404973624 3.06785747438051 0
3.32848064086614 4.30027098981748 3.01465399305211 0
6.1606721939163 6.93676518869181 5.69870930143349 1
3.02617018296934 7.5167113766861 2.8809626082804 0
7.19878355842894 7.92772516494675 4.2652758692034 1
3.31767314265293 3.94861916817549 3.12383932010212 0
8.85037597307548 9.33396449136302 5.82279060261699 1
7.83964592734939 8.2704776955518 7.05391092744251 1
6.41103854386723 9.37870279049039 3.10160384023227 1
7.29275261999089 9.19200050914024 6.54850249732938 1
3.23625156950146 5.14304280574469 2.99151791877146 0
3.38362328503633 7.6652125034694 2.66967773518461 0
6.66926065398548 8.24938280737538 3.65702831864867 1
3.47400331778643 5.73039868466039 3.05265555028421 0
3.87137067995168 4.05676271499173 3.04708294711024 0
8.50655068767394 9.43854083443865 3.07062376491045 1
5.83701037634436 7.54293402432973 4.82815169771253 1
7.34953642932788 9.5100968674629 7.31548642762142 1
6.9008266195988 8.5916092340354 5.05082674515995 1
3.18817708715301 3.26395383967675 2.84181783573704 0
3.22564692014522 3.54790421144696 3.09004574675191 0
4.04988172784053 5.9589062582881 3.13987657656946 0
5.86595579264717 7.1546799566696 3.3847582128696 1
7.35986431078016 8.57921619340463 2.58506577158114 1
3.03272389876905 6.82761222832864 2.54442042527691 0
5.66613675536691 8.58106025714062 5.01287859217825 1
6.60450834407074 8.90484611534527 6.19762187450521 1
7.20569052549275 9.09962519517996 10.2102475938646 1
3.34525905596663 3.76897724849527 3.20694931239041 1
3.34525905596663 3.85414295610606 3.12108143002864 0
7.9450564880755 9.5797605659908 8.01227075249675 1
8.24434964495322 9.68217817771553 6.5348863941152 1
3.10692655865539 3.40184673090601 3.09004574675191 0
2.9706231331328 4.73744106442386 3.07757712391494 0
3.90959723907132 3.0764860449956 3.12387408468226 0
3.64024649434439 5.16679633465204 3.09004574675191 0
3.37495969361227 7.30001867781354 3.14526509402693 0
4.23800982273317 4.73207833122573 5.26860085982441 1
3.02549446600614 4.65030062769244 2.57246465944364 0
